1523130805.69948 -0.000224904533400915 -8.55317385820469e-05  0.000136449847573538 4.377015981746e-05 1.09399588657707e-05 5.92904581827537e-06 0.999999998964668
1523130831.16684 -0.0642685842987176 -0.0308898346382267  0.0726530014594102 -0.00284739603797362 -0.00125845882135543 0.0379833659047015 0.999273522381008
1523130831.55755   -0.06468892462629 -0.0298682895744505  0.0729503280848015 -0.00292867179969503 -0.00133539936215995 0.037988956618914 0.999272975099917
1523130833.83824 -0.0658736498459439  -0.029252302440543  0.0802381224351035 3.27186712983296e-05 0.000678129534388771 0.0391402357740215 0.999233496743067
1523130834.74037 -0.0603209297902996 -0.0258763140320698  0.0911918502314464 0.00316124929434097 0.00460551611814629 0.038844032857023 0.99922967171496
1523130835.91489 -0.0596254262960445 -0.0250741284370352   0.103682451775128 0.00277158813135694 0.00479903168020361 0.0393758751098879 0.999209101266343
1523130836.39233 -0.0598316168767061  -0.024929496594295   0.111387293288223 0.00101614740650368 0.00382963133816674 0.0402089226041695 0.999183438569352
1523130836.75935 -0.0601771371455553  -0.025055841086299   0.118973533559098 0.00158087744008048 0.00366984415668769 0.0390581449405528 0.999228949932991
1523130837.25929 -0.0598039654710195 -0.0247028756894273   0.126329173757236 0.00190016866311344 0.00524150484599189 0.040670154450518 0.999157071997678
1523130840.18888 -0.0601996028200076 -0.0248871449440262   0.128330972746744 0.00515158017219249 0.00550736998873361 0.0305529308375416 0.999504701597133
1523130841.14783 -0.0600666359272191 -0.0250803729649092   0.136159442288208 0.00975349662294783 0.00926375067766021 0.0390592402573063 0.999146349629288
1523130843.22516 -0.0597304844596036 -0.0248622063504446   0.141766054819393 0.00330204304633211 0.0116461093797542 0.0397495237393234 0.999136347057063
1523130844.85072 -0.0599656842903971 -0.0250641473219427   0.143715886675594 -0.0318985436596903 0.016857430196059 0.0358114825718209 0.998707088027107
1523130846.71031 -0.0599533379098315 -0.0253303071659459   0.145400930743416 -0.0550893694252428 0.0170655770190596 0.038949435431542 0.997575495357068
1523130847.92893  -0.059662010974802 -0.0250116643786483   0.147105448117122 -0.0185602912133678 0.0151194935603495 0.0458710352520276 0.998660485164733
1523130848.28716 -0.0593193669702503 -0.0246538161637205   0.152929654576632 0.00307043986570647 0.0205888830049648 0.0416701965850994 0.998914543398082
1523130850.00946 -0.0589008663497223 -0.0245995175324108   0.161632393374843 0.00558747666084678 0.0236882209189502 0.0392474592309576 0.998933073452959
1523130850.54395  -0.058618512852729 -0.0247417060102941    0.16951125290507 0.00547280600251185 0.0245138293090468 0.0389417892150819 0.998925751805305
1523130850.9865  -0.057937588783818 -0.0244633490991305   0.177261801791726 0.00566458848384156 0.0384128006986458 0.0363353595848886 0.998585054376257
1523130851.2457 -0.0573295528628011 -0.0244232589285625   0.181802214627561 0.00402971703462281 0.0628186505384619 0.0367163319101319 0.997341210166417
1523130851.5472 -0.0559638466869571 -0.0245001393867891   0.186830488856979 0.000372105130612481 0.0901321436605306 0.0358802673874054 0.995283208252374
1523130851.80527 -0.0548193493923111 -0.0244705393874606   0.191096016482488 -0.0024339093201432 0.120154830613799 0.0356264964646977 0.992112718150131
1523130852.02361 -0.0534384263774384 -0.0241531962058732   0.193977991115066 -0.00226301835630422 0.147328040289049 0.035000374189862 0.988465629700435
1523130852.29349 -0.0513922965692963 -0.0242384069864142    0.19879461063982 -0.00412881466949048 0.178199338314167 0.0346695859011669 0.983374785383101
1523130852.56554  -0.049120659253598 -0.0241336147142707   0.202792854471738 -0.00422142458368276 0.209860126302176 0.0343010551200605 0.977120435043997
1523130852.7954 -0.047020158658753 -0.023999286391484  0.206065074453279 -0.00446515835048408 0.240619354060703 0.0336283537758782 0.97002655769553
1523130853.0627 -0.0445619398489686 -0.0237267136613206   0.208836120689364 -0.00486841753339412 0.27204828584158 0.0338065146806297 0.96167725783993
1523130853.55511 -0.0419961181824873 -0.0236272786953795   0.212356484517824 -0.00663333512221881 0.29686565598269 0.0342375864898491 0.954282227034788
1523130854.34434 -0.0395570929358221 -0.0233999682595489   0.214997161759311 -0.00717547492347136 0.322650966745733 0.0331110958380197 0.945911476592853
1523130854.61072 -0.0368670880029026 -0.0231415784479052   0.217446691840711 -0.00747965486668532 0.346735481848731 0.0342911729669499 0.937306073727656
1523130854.87475 -0.0338620198585671 -0.0229305860843804   0.219969644555184 -0.00801832561913083 0.372257870212147 0.034873853211034 0.927439269646049
1523130855.13848 -0.0307315813613419 -0.0226933940753187    0.22224795648376 -0.010768758113112 0.400119899170836 0.033079594816996 0.915802293370663
1523130855.40143 -0.0272090118986045 -0.0225189411136542   0.224801882890479 -0.0121508490956512 0.427181709348809 0.0333048780835844 0.903470491582278
1523130855.70672 -0.0230159376134043 -0.0222422119647483   0.227505452973641 -0.0112288334392202 0.44658209521502 0.034003429576427 0.89402578951057
1523130856.09932   -0.01756996912499 -0.0218761229532169   0.231004284118063 -0.0129306416854548 0.464439339805733 0.0330093849871698 0.884895066462225
1523130856.44695 -0.0124401650680937 -0.0215551704775722   0.233911139322857 -0.0130266232566078 0.48795582606658 0.0329854185083266 0.872147568396566
1523130856.96919 -0.00791017392352937  -0.0212315249530242    0.236037937492127 -0.0149208672128634 0.509112719150331 0.0332116778458395 0.859929410693481
1523130857.76226 -0.00298932118224872  -0.0209217700960017    0.238010070271763 -0.0147536862848506 0.532512872219151 0.0322562888805748 0.845678367637231
1523130858.1891 0.00317246730805998 -0.0205201587249315   0.240516746451962 -0.0169157999499755 0.547863654391669 0.0308999192460401 0.835825619910784
1523130858.6124 0.00967271827162428 -0.0200586520821625   0.242998189787598 -0.0191595153511573 0.562021644432422 0.0313441820087057 0.82630631512484
1523130858.94055  0.0148742147441424 -0.0196944739046222   0.244485476970123 -0.0205996702328289 0.580722983235094 0.0294270205408964 0.813308379884849
1523130860.82783  0.0204616896574536 -0.0192472049647479   0.246029540494333 -0.0209149022230557 0.6004261503432 0.0285639640619652 0.798896178990808
1523130861.21613  0.0249630536650643 -0.0189280472404985   0.246721873598396 -0.0213656021009515 0.620603180293658 0.0274745228956543 0.783351998942951
1523130861.49672  0.0291344354499581 -0.0186104191723498   0.247443349537451 -0.0213181619796485 0.632205074566079 0.0267662848314721 0.774045118619728
1523130862.06808  0.0370478212396723 -0.0180332887817513   0.248823267270864 -0.021025732853563 0.64386762473455 0.0271320580800939 0.764366568997492
1523130863.52634  0.0470448463278032 -0.0173121945106613   0.250130592740555 -0.0229074142231936 0.659892789384611 0.0293041737447865 0.75043855330929
1523130864.69306  0.0564245199707722 -0.0166075637569088    0.25076564359686 -0.0244970627267099 0.674119975544109 0.0289081866449664 0.737649286066945
1523130865.40944  0.0672063959950427 -0.0157528051879251    0.25154431422051 -0.025313502740659 0.682548055060167 0.0288856740688368 0.729830800217537
1523130866.66583  0.0784055843425653 -0.0148926537306953   0.252170491430574 -0.0251744120858563 0.690576325975513 0.0272893162196271 0.72230594639568
1523130867.29802  0.089985639341839 -0.013982839347074  0.252698722245354 -0.0253256387281239 0.694514767796451 0.0283958325945258 0.718471659863434
1523130867.87907   0.102179194719797 -0.0130427171021046   0.253186432813874 -0.0258213739712973 0.695026209133411 0.0305608702791353 0.717870363277143
1523130871.39325   0.115378922097322 -0.0119650906866397   0.253765525981168 -0.0250733525825908 0.696583852501628 0.0298977619328105 0.716413558816183
1523130872.06643   0.126902293208999 -0.0110759168973336   0.254664644752455 -0.024120519940139 0.685992908275741 0.0306215299268042 0.72656331604214
1523130872.68955   0.138050483647976 -0.0102963558834035   0.255416167508704 -0.0235577008340549 0.684050407605078 0.029101673506111 0.728473175337214
1523130874.5293    0.148197147508642 -0.00944919320390417    0.256067392218296 -0.0241178441757233 0.690405788674577 0.0273447564500704 0.722502900237527
1523130876.44739    0.159534381761293 -0.00859767685253423    0.256465226919627 -0.0243505051634915 0.697504886814089 0.0265797400425734 0.715672762642269
1523130877.09956    0.168781715052862 -0.00790773845993098    0.256677867529675 -0.0256249491257411 0.698209679873232 0.0285769430927519 0.714863597644401
1523130877.58976    0.177245938441372 -0.00726130281781632    0.257044366471992 -0.0256805663683703 0.695589732204395 0.0285696345500789 0.717411464185298
1523130877.98791    0.184412125504697 -0.00670770411072903    0.257491116913364 -0.0257615163567408 0.694631023517586 0.0280712704260726 0.71835651957686
1523130878.46642     0.19323489492736 -0.00606149328944796    0.258266511956435 -0.0248561701995798 0.692420070849814 0.0287931158569232 0.720491202421374
1523130879.02744    0.203354400220681 -0.00526079291969737    0.258440747707344 -0.0253597912261346 0.694345833032675 0.0287528169054978 0.718619524267972
1523130879.59501    0.213705675967176 -0.00444620071657931    0.258841003742739 -0.0242577713334365 0.696854478704527 0.0286789458487532 0.716228255589223
1523130880.17152    0.223131561687281 -0.00373015545088957    0.259152438987599 -0.0242922082971919 0.698593856464973 0.0299087789021021 0.714480214750575
1523130881.33117    0.232528170703097 -0.00301985187819412    0.259442181007509 -0.0222821772844844 0.696046853768672 0.0305480100116223 0.717000070445272
1523130882.09213    0.245144070368687 -0.00206541778998769    0.260268339982533 -0.0219260430792241 0.687609659971713 0.0303440692516523 0.725114778231505
1523130884.65638    0.255730863887356 -0.00127793798034912    0.260475693400678 -0.0224261359458656 0.703419216917013 0.0255811973630451 0.709960615837151
1523130885.05298     0.261077120020942 -0.000890350996617457     0.259679207124062 -0.0231627289999789 0.727734991703168 0.0235779507688709 0.685061566630039
1523130885.31957     0.265137171845537 -0.000629898382994359     0.258834324975267 -0.0246750482079898 0.751022161864822 0.0218689618001963 0.659453260583041
1523130885.58511     0.268994133798718 -0.000200342592187087     0.257459500670691 -0.0251420066836057 0.77187426303332 0.0208091984026044 0.634936988077188
1523130885.84718    0.273698743502434 3.88539341812447e-05    0.256598230413334 -0.0268871030489433 0.792495356824507 0.0201466432643905 0.608951809149468
1523130886.0688    0.275667435402135 0.000239383325376746    0.254732473681535 -0.0293479891881248 0.811380852168619 0.0190108366696239 0.583470990156204
1523130886.37785    0.279815777142883 0.000430606577092853    0.252852930891573 -0.0301908330261415 0.834689858153824 0.0188828642488344 0.549567822688062
1523130886.68958    0.284507806193723 0.000502962074312462    0.250952484259773 -0.0336956576743532 0.857102732096872 0.0187092307539928 0.513701736390451
1523130886.95886     0.28722126796973 0.000416427965124946    0.248798304218648 -0.0366078181637869 0.876829507828546 0.0195866240614525 0.479005475969025
1523130887.27281    0.291557679865285 0.000549908596397745    0.246804609260575 -0.0360090220522254 0.891433456388734 0.0213807456729272 0.451212374471432
1523130887.71634    0.298138189455562 0.000680029008679035     0.24378673998256 -0.0394904257180725 0.90628028180379 0.0223448001450066 0.420234776043974
1523130889.25916   0.306430344249902 0.00085683943911961   0.240613625991464 -0.038409623290549 0.920071151867825 0.02002204703582 0.389349321267916
1523130889.73767     0.31008451702962 0.000729182100968267    0.235941917181623 -0.0414454630357511 0.930293923022777 0.0197353460938767 0.36393132112419
1523130890.12919   0.315610594502699 0.00100915052095979   0.230858463743747 -0.0406747283267477 0.941173893810723 0.0174695647078014 0.335010570569985
1523130890.4767   0.319152006884337 0.00113715206123488   0.226502117972296 -0.0425805719228441 0.951390187525078 0.0156196972256999 0.304630318639326
1523130890.74956  0.324278625757995 0.0017114223952746  0.223026206710454 -0.0428924829333914 0.959756260125344 0.0133412695504053 0.277218625970198
1523130891.44911   0.330614188232054 0.00204298347249167   0.212541786490523 -0.0428734340523005 0.964891972096093 0.0161493104985873 0.258620476001988
1523130892.10814   0.338781644584516 0.00285742450131195    0.20335772300013 -0.0458818001010136 0.969030124829861 0.0164652310090721 0.24208340248669
1523130892.6407    0.34299918523524 0.00301300670831328   0.194807772630267 -0.0488647618629247 0.974443463357594 0.0144112439938109 0.218779541580761
1523130892.96745   0.346515311530224 0.00349561218709659   0.189912806024459 -0.0494240600738845 0.980597466937427 0.0126400865495944 0.189277833709428
1523130894.02216   0.346696106808391 0.00347274878248958   0.185475814364777 -0.0502841857991536 0.986181225170298 0.00978672780233115 0.157550981396659
1523130894.41542   0.347577607757102 0.00368381254552595   0.181583555630995 -0.0501806999991728 0.989981095841796 0.00767730868003092 0.131758818129571
1523130894.7317  0.348370422797878 0.0038335678034599  0.177159675384243 -0.0502460568768383 0.993847973605966 0.00620074258077837 0.0985042634564186
1523130895.03976  0.349176300185092 0.0039159281455985  0.172349140911932 -0.0498653517634808 0.996049294559201 0.00536700651058055 0.0732833183114467
1523130895.56904  0.350618669529616 0.0039920145047468    0.1639218091377 -0.0490448339768755 0.996767044204155 0.00518662997550079 0.0634284062403457
1523130896.18876   0.351632397829167 0.00429411911321776   0.153064588430202 -0.0498101393997714 0.997421915909751 0.00570314468612278 0.0513414629377226
1523130896.76301   0.352515633387005 0.00440702937780782   0.143636152424982 -0.0502140466346158 0.998112129916923 0.00668835251154347 0.0347273893916874
1523130897.28583   0.352409790002802 0.00451118601616303   0.136183839441201 -0.0528521576335334 0.998530686597833 0.00667266289926501 0.00992939704983103
1523130898.12185   0.351981992326699 0.00451694097372869   0.131153377022256 -0.0535711735928865 0.998441953606419 0.00529566785818309 -0.0146884492174699
1523130898.51416   0.351182899720407 0.00446522311459489   0.125622246484865 -0.0542746764325947 0.997622186316527 0.0026138971047763 -0.0423957593291604
1523130898.82389   0.350151139379033 0.00441548835682911   0.120384634664991 -0.0569924691987632 0.995774535777192 1.65642315482024e-05 -0.0720064724727779
1523130899.11468   0.348773189909042 0.00428811994887944   0.115797339272623 -0.0558900250937546 0.993154491702996 -0.00306967348447843 -0.102523352509967
1523130899.37925   0.347234033979439 0.00413888651171092    0.11170690942684 -0.0561937745961355 0.98944424293595 -0.00492582970361126 -0.13348440365554
1523130899.61321   0.345609033607066 0.00398318875633384   0.108317441268803 -0.0555477892895872 0.985134521251017 -0.00429010756728217 -0.162499271141842
1523130899.88898  0.343498098870281 0.0038304612353318  0.104048816730911 -0.0527168987453133 0.979205414726261 -0.00326875351114283 -0.195874959114053
1523130900.20792   0.340869016768969 0.00362627393798975  0.0993807354677506 -0.0513884181560378 0.972853166391486 -0.00238863931919192 -0.225632979689769
1523130900.48309   0.338198371887077 0.00342706755738981  0.0955820907524278 -0.049582171963699 0.965671978267597 -0.00209985393685343 -0.254980056525116
1523130900.7098   0.335811849172234 0.00325551910587871   0.092357813814644 -0.0485770402445527 0.958312846819902 -0.00442712567368118 -0.281526480707028
1523130900.9295   0.333243956641658 0.00309602310941084  0.0894025210391167 -0.0479433712977323 0.95031217190132 -0.00674058697172563 -0.307510607251328
1523130901.19048   0.330057314494907 0.00284081194272933  0.0860627764287301 -0.0483757571644806 0.941009704056829 -0.00822947482723079 -0.33480262653347
1523130901.4521   0.326684992618524 0.00259080240622242  0.0829160330140554 -0.0467440183011676 0.931962804722322 -0.00985411559907009 -0.359392854370985
1523130901.71252   0.322919116061904 0.00229049570075443  0.0798246473908565 -0.0463964636759288 0.923692772288227 -0.0112380652177148 -0.38014830852053
1523130902.01723    0.31902519949214 0.00198569092280188  0.0762461580199937 -0.0462297156076326 0.915568117894464 -0.0119539040898439 -0.399318092586645
1523130902.29254   0.315191415746575 0.00165804098258297  0.0732659480365861 -0.0457133344643728 0.907200481622414 -0.0124156051919075 -0.418023240913621
1523130902.55964  0.311235187505393 0.0013901321890164 0.0706112596590727 -0.0468085393445101 0.897567049916789 -0.0133516776150647 -0.438182706474103
1523130902.82313    0.307408500653825 0.000986362996086822   0.0680941623939958 -0.0471472832155444 0.887784561454827 -0.014307722857293 -0.457614461303937
1523130903.09117    0.303176016713314 0.000644867948345347   0.0656967419609381 -0.0472519973850011 0.876561506080491 -0.0147275695055967 -0.478738209773866
1523130903.35693    0.298863884205873 0.000328217500156972   0.0635989119928365 -0.0469429489067332 0.865250400693702 -0.0163121080907285 -0.49887074355685
1523130903.58227     0.295232023610808 -3.16977163740927e-06    0.0620350511230411 -0.0473951877502095 0.853977190757117 -0.0179989591913975 -0.517834617723392
1523130903.8233     0.291145541056251 -0.000359074008102651    0.0605723610880429 -0.0479913150396339 0.837617967975953 -0.0185510280937223 -0.543827944079069
1523130904.02097    0.286784591728058 -0.00068207101214513   0.0594714273674215 -0.0465124091004177 0.824245711824854 -0.0204807738403432 -0.563946930340893
1523130904.25702    0.283616296015574 -0.00105756476617101   0.0585972098305796 -0.0450706382600747 0.809766169848989 -0.022152958512129 -0.584599550259909
1523130904.49632    0.279440791585324 -0.00144724569973526   0.0576557155764268 -0.044934222397868 0.795570392959902 -0.0219035778377609 -0.603795411361358
1523130904.7632    0.274749022507409 -0.00185070934867975   0.0567161514499743 -0.0431553500768471 0.785382909945672 -0.0232292005437559 -0.617067018051614
1523130905.0277    0.270198866309134 -0.00230168385706233   0.0558662635160529 -0.0424651592145964 0.778653885766253 -0.0243251956006877 -0.625542261796102
1523130905.24715    0.266334160424357 -0.00265437024942147   0.0552284963910725 -0.0434885260189192 0.76950024407205 -0.0228267838426876 -0.636755102388003
1523130905.48501    0.262092095244719 -0.00301621058625225   0.0547309842856193 -0.0411795507670806 0.760233224532581 -0.0233860722300517 -0.647921893858409
1523130905.87172    0.255015480669975 -0.00366456702218549   0.0538148207469663 -0.041363263273743 0.754896674583388 -0.0252081499629687 -0.654052475211075
1523130906.27933    0.247983586608537 -0.00432672140583628   0.0529288862805726 -0.0417598397847897 0.746906023662851 -0.0247926574312364 -0.663153701440922
1523130906.5898    0.242401169758331 -0.00487209643794221   0.0524172900702126 -0.0412832995590309 0.742789120937606 -0.0267081335653115 -0.667717520060478
1523130906.85483    0.237802007192937 -0.00531874169328501   0.0519280435846206 -0.0427154289554836 0.738237625801329 -0.0257970997119516 -0.672692433157099
1523130907.1275    0.233007998172687 -0.00579886358866853   0.0515999175716998 -0.0420804739869003 0.734107309879585 -0.027213557267452 -0.677181743397774
1523130907.4013    0.228241476443582 -0.00627014267154897   0.0513157289172324 -0.0424060606962692 0.730870369546778 -0.028087200908305 -0.680618349796652
1523130907.75388    0.221912777303591 -0.00683164964595071    0.050898810908678 -0.0423084080769522 0.727890746317904 -0.0261368317653571 -0.683887363573877
1523130908.07451    0.216465905243531 -0.00740195196848961   0.0505339623490464 -0.0412483606190847 0.727964027763039 -0.0272709327773787 -0.683829835013583
1523130908.43959    0.211600525155074 -0.00785865046894259   0.0501323055040285 -0.041908258072116 0.727554895829305 -0.0256666111178762 -0.684287071727863
1523130908.92701    0.207289568420412 -0.00826581775867239   0.0498264746449804 -0.0415683504478665 0.726838956577981 -0.0253114453942735 -0.685081406968345
1523130909.28052    0.201134396376764 -0.00878240937337704   0.0496979470439363 -0.041308430353699 0.729499789033733 -0.0266972388320426 -0.68221032594076
1523130909.68526    0.194979595987734 -0.00942640650222923   0.0485784728439657 -0.0424749277428025 0.735490049671731 -0.0238085370024591 -0.675783560700407
1523130910.51117    0.188894340992889 -0.00998947038773566   0.0478686693869899 -0.0421177583712568 0.741852068832703 -0.0246601030850314 -0.668785078866339
1523130911.03859   0.181685887555712 -0.0106367922135978  0.0468032035582346 -0.0435267886543653 0.744270780803439 -0.0218318583507878 -0.666100437976608
1523130911.52953  0.173080815850213 -0.011379451593692 0.0457987921728059 -0.0430003218508922 0.742978329686735 -0.0226662426033651 -0.667548062226889
1523130912.03704   0.164472074366436 -0.0122203273795887  0.0448010971081245 -0.0431220682647387 0.739587647660659 -0.0229870202926123 -0.671283990241397
1523130912.4961    0.15650686717344 -0.0129723046032312  0.0440824977392074 -0.0446432138803828 0.734374173552172 -0.0232260499403126 -0.676876729750821
1523130912.93958    0.14879724094634 -0.0137233033911955  0.0435786573888726 -0.0436687535969087 0.72987364456666 -0.0248116673206784 -0.681734467436583
1523130913.3816   0.141134650346393 -0.0144491626546936  0.0430692969400048 -0.044049153094245 0.725446506778438 -0.0232020221031862 -0.68647556699781
1523130913.74755   0.135114119049043 -0.0150318515778425  0.0428496899340658 -0.0417335189053872 0.720754770433684 -0.0247131371352549 -0.691491240110672
1523130916.27597   0.129215449932311 -0.0154960711725291  0.0427978137127392 -0.0418651838126431 0.72017940185649 -0.0229532415511109 -0.692143109644428
1523130916.75276   0.122210505131781 -0.0162021178785751  0.0419827116379435 -0.038560303629547 0.723920056950554 -0.0235126416366742 -0.688403958306436
1523130917.09055  0.116402110448463 -0.016710642522115 0.0414605631214249 -0.0403572166472975 0.728446323094462 -0.0230714804760064 -0.683523925128658
1523130917.4097   0.110656959887743 -0.0172257916486739  0.0409907350430549 -0.0405844722502609 0.730317230725885 -0.024346022350446 -0.681466737495496
1523130917.71364   0.105208581333839 -0.0177273611943307  0.0405505826206009 -0.0413706893741222 0.731228166090218 -0.0258040683396462 -0.680388113677899
1523130918.03139  0.0995624343030606 -0.0182402634583811  0.0400243428376432 -0.0421936597458053 0.731278753430979 -0.0249729489300367 -0.68031421540302
1523130918.44425  0.0921626653960352 -0.0189326852094677  0.0396014863886648 -0.0407706296346034 0.732543998509515 -0.0261379617820538 -0.678994737064117
1523130918.9018  0.0842643709341371 -0.0196259185718952  0.0387439583835258 -0.0402512720482587 0.732329522046309 -0.0232585591390232 -0.679361719310632
1523130919.26842  0.0779605155523615 -0.0202374198068438  0.0385035667588806 -0.0398007750262375 0.726492435428728 -0.0247452326458237 -0.685574440183887
1523130919.59816  0.0721870712984012 -0.0207669517516679  0.0383889910668688 -0.0407098281749912 0.720046236587429 -0.0251909642803371 -0.692272736993788
1523130919.90953  0.0668442462368353 -0.0213120588643609   0.038695590838596 -0.0398257273486056 0.716421828320075 -0.0282345175780009 -0.695957245356935
1523130920.65368  0.0538261602899007 -0.0224636363765332  0.0380369694779295 -0.0400327406020496 0.719908251176884 -0.0288609965855929 -0.692312452902168
1523130921.22347  0.0441316458050749 -0.0233912684339417   0.037517011813017 -0.041807879276722 0.726181156606077 -0.0269235848693456 -0.685702668507587
1523130921.79534  0.0344808252737743 -0.0242411599642759  0.0371411952547891 -0.0431419964159788 0.729471040060899 -0.0271924402882774 -0.682108012743497
1523130922.35755  0.0251069418361535 -0.0253762592928855  0.0363092000570569 -0.0418932795328399 0.730627297865199 -0.0269003252726612 -0.68095893947022
1523130922.81376  0.0173558996489372 -0.0261747636539375  0.0356910474028229 -0.0415617408159958 0.731261826406581 -0.023862512924672 -0.68041115762293
1523130923.27484 0.00957684689632941 -0.0270069030705895  0.0354704767508707 -0.0412854731176673 0.723077509639053 -0.024191996616015 -0.689107518507356
1523130923.55364 0.00472137410413979 -0.0270691325289194  0.0359851548241648 -0.0435244118283351 0.704366632779339 -0.0249974007908351 -0.708059603533344
1523130923.77291   0.001153982859097 -0.0278982755454739  0.0365309022239971 -0.0412991364344784 0.685544113991047 -0.0240077110584622 -0.72646216619431
1523130923.98774 -0.00237698149064703  -0.0282290495724827   0.0375422387487581 -0.0404089368006178 0.665474386084001 -0.0256681531921725 -0.744883954186468
1523130924.16276 -0.00523057719183584  -0.0284580333011402   0.0383504553113593 -0.0407725741709423 0.648926028120785 -0.025198971164103 -0.759340252505507
1523130924.33703 -0.00804807301867436  -0.0287069207927732   0.0393179576111648 -0.0403682223102176 0.631353355739692 -0.0254259496817354 -0.774026400006179
1523130924.51094 -0.0107721776024052 -0.0289877146052578  0.0404159636888434 -0.0385503964226746 0.613301951128339 -0.0265689654502867 -0.788459684291295
1523130924.68646 -0.0134621227828233 -0.0292272836950437  0.0416422663744744 -0.0380818536494886 0.593274588477406 -0.0276375160373311 -0.803623794319749
1523130924.85984  -0.016133953081464 -0.0294221213110812  0.0429606106304307 -0.0379581631266607 0.571773342939983 -0.028018091052788 -0.819053971804694
1523130925.03527  -0.018685400588989 -0.0296062317941074  0.0444247136195786 -0.0380320327807206 0.550789146757914 -0.0279683203710822 -0.833308258300538
1523130925.20995 -0.0208106629588108 -0.0297208137959547  0.0459807993323467 -0.0362904970607138 0.52999422337322 -0.0301682268587768 -0.846687073895841
1523130925.38533 -0.0235994989076001 -0.0299804424923847  0.0477671395136155 -0.0350004693585456 0.513045883729823 -0.0313619417875503 -0.85707369399596
1523130925.61195 -0.0267664687055936 -0.0302213476219436   0.050019913079525 -0.0345953455890654 0.48986471536754 -0.0327456991757448 -0.870496089529955
1523130925.82765 -0.0297341514765292 -0.0304025810745897  0.0523307049242333 -0.0343321329738763 0.470932341623276 -0.0343171105065089 -0.880832770839713
1523130926.04318 -0.0321490290736494 -0.0308735551451144  0.0544009973753129 -0.0335471628251083 0.453429336708408 -0.0332560159884483 -0.89003958444506
1523130926.30385 -0.0356285398944986 -0.0311003902955756  0.0575181005529681 -0.0336174693572972 0.433203339942503 -0.0355540698949736 -0.899967021690559
1523130926.53364 -0.0380559597019923 -0.0314989255623752  0.0602034346967369 -0.0322632088979177 0.413904095563667 -0.034446680399041 -0.90909620571022
1523130926.75893 -0.0408349236780917 -0.0317596528350149  0.0629745194946979 -0.0316268575549205 0.395562718793972 -0.0353701047765935 -0.917212534295958
1523130927.02945 -0.0431330810888367 -0.0320727425250315  0.0657255005298351 -0.0294143793748105 0.375422165882501 -0.0351807973655197 -0.925718803496404
1523130928.65879 -0.0452029130118452 -0.0323527117802193  0.0684483046942626 -0.0285088591948925 0.355317130760682 -0.0345082780274631 -0.933673476266185
1523130928.9653 -0.0473247253573925 -0.0326651631874284  0.0717139213665851 -0.0265054423230525 0.336052119815059 -0.0367247407103681 -0.940753808238277
1523130929.22592 -0.0494503739775041 -0.0329167688109764  0.0750347229466409 -0.0248749220778835 0.317483739942921 -0.0374276622516144 -0.947198228050419
1523130929.48469 -0.051546453044762  -0.03324133066425 0.0786662742461699 -0.0238652338614706 0.297033522175997 -0.0364181650839931 -0.95387381480381
1523130929.72924  -0.053587058147701 -0.0334848189834312  0.0823640835565493 -0.0236414509652548 0.276109312756449 -0.0375111438904264 -0.960102933694846
1523130929.97831 -0.0551905505947309 -0.0337576668010797  0.0861807519236609 -0.0227571857728099 0.256000526739012 -0.0400759167849921 -0.965577423979503
1523130930.22042 -0.0568685685795584  -0.033989472795963  0.0899773943356742 -0.0228890953216372 0.232997214317825 -0.038840924828542 -0.971431814382231
1523130930.45554 -0.0583139122396376 -0.0341903899933279  0.0937935118663485 -0.0213516478956177 0.210886226862977 -0.038479014354171 -0.976519570672278
1523130930.64538 -0.0591197522901959 -0.0342915981911646  0.0969967269915092 -0.0201918535987739 0.193523649459058 -0.0403009443575359 -0.980059549227589
1523130930.87854  -0.060375751908482 -0.0345216162379821   0.100792379321689 -0.0181828483303574 0.173198283882008 -0.0406687474974249 -0.98387895163171
1523130931.05972 -0.0611661557031833 -0.0346458252438993   0.103889622154305 -0.0167935046112874 0.157296260980158 -0.0396929145247292 -0.986610529551081
1523130931.23259  -0.061763510187753 -0.0347489909198802    0.10691676720647 -0.0142053029078677 0.1419858253892 -0.0401080959156913 -0.988953778191813
1523130931.40939 -0.0622445795353329 -0.0348215155280376   0.110017144271392 -0.013209305728393 0.126058303761294 -0.0412368084513507 -0.99107736525649
1523130931.58354 -0.0626164054281745 -0.0347930122361635   0.113168221257019 -0.0126541036793553 0.110272469588574 -0.041765105924068 -0.992942864437859
1523130931.75661 -0.0628987274676821 -0.0349731624987185   0.116259717936151 -0.0115395762597784 0.0942212177714018 -0.0403526425192484 -0.994666207600888
1523130931.92985 -0.0630929777147114 -0.0350673790365459   0.119462644033812 -0.0103906147242393 0.0770447812386915 -0.0400513741186405 -0.996168672585493
1523130932.15024 -0.0632383594093552  -0.035143992498396   0.123597806075691 -0.00978112869761927 0.0539003541959547 -0.0418627235037065 -0.997620465768322
1523130932.45411 -0.0636821207236345  -0.035523038254487   0.128238119601068 -0.0290073217439319 0.0445373132631222 -0.0415774974749048 -0.997720559433487
1523130932.84756 -0.0643011591521339 -0.0355368568270636   0.132769755067234 -0.0195076130408382 0.0373496304184118 -0.0389661748323111 -0.998351689215777
1523130933.32596 -0.0644470641334162 -0.0358702995594918   0.140605666181762 -0.0133452873014198 0.0344777370823651 -0.0445219883690445 -0.998324086408912
1523130934.66486 -0.0648279551413768 -0.0360585577170647   0.144662677116214 0.0183792809293818 0.0303573635856161 -0.0421371911697138 -0.998481391728948
1523130934.94219 -0.0648296457788509 -0.0356453959954143   0.147838657886002 -0.00881667905819103 0.0267663604351334 -0.0441192613036632 -0.998628719245276
1523130935.35764 -0.0652378795006069 -0.0358679272425485   0.156302288025541 -0.0101008701659805 0.0217374574851643 -0.0454091908776804 -0.998680860309141
1523130935.57252  -0.065595079880808 -0.0359200183422665    0.16031578234149 -0.00973394473551407 0.0198114461455205 -0.0437670322947147 -0.99879787935579
1523130936.10076 -0.0655057644895176 -0.0360865597188943   0.169690459628067 -0.00892247084385956 0.0152636439191839 -0.0439497869846769 -0.99887728320968
1523130936.67002 -0.0659494676515207 -0.0364571972712585   0.180317152481932 -0.00800681684752104 0.0050652745969573 -0.0431378655099637 -0.999024203128469
1523130937.0594 -0.0655577938040156 -0.0365617652971901   0.187529952127518 -0.00480456817134963 -0.0164402503585737 -0.0410388256491226 -0.999010735218684
1523130937.36316 -0.0645554071898155  -0.036581921688142   0.192892347647189 -0.00271966381458434 -0.040948523205906 -0.0414250325095612 -0.998298446636863
1523130937.63304 -0.0634221010819067 -0.0363779280512044    0.19761611587791 -0.00203418152966876 -0.0684151116481678 -0.0416652143923665 -0.996784452383418
1523130937.89631  -0.062191333011365 -0.0364568545891121   0.202586782171906 -0.000593789962151266 -0.0941023968731077 -0.0405207376420963 -0.994737380486507
1523130938.16039 -0.0605725188241666 -0.0363594415643606   0.207279482671828 -0.000609264859588177 -0.121537815623952 -0.0410015107522881 -0.991739413498183
1523130938.43052 -0.0586761790370003 -0.0362370066985441   0.211964882404473 -0.00134959397727535 -0.152230020052256 -0.0406032241246927 -0.987509786170074
1523130938.73126 -0.0562688823737777 -0.0360953577407607   0.216829152418281 -0.00124116543114209 -0.184262430789274 -0.0392836799236961 -0.982090937031624
1523130938.99432 -0.0538890968160966  -0.035918566979278   0.220927578007356 0.000477716074631124 -0.212995546671209 -0.0391482777659724 -0.976268447320481
1523130939.25457 -0.0515891766534743 -0.0359140628185967   0.224759590293621 0.00215074120195983 -0.238991090099908 -0.0408130426207386 -0.970161290052936
1523130939.52332 -0.0486605935757335 -0.0355300524085136    0.22871886003119 0.00228980490272286 -0.263854972546144 -0.0410909036924592 -0.963683997942229
1523130939.7714 -0.0459760483971295 -0.0353467529939772   0.232225950551106 0.00444674225088626 -0.288423502313317 -0.0407177398076462 -0.956626455551816
1523130940.02397  -0.043176602539035 -0.0352573461060405     0.2355185484331 0.00594388848957067 -0.313021764048168 -0.0411017868417762 -0.948837545916165
1523130940.29692 -0.0398193516696497 -0.0350091684320173   0.239039250786066 0.00716171137419557 -0.338297246966081 -0.0403570243002957 -0.940146261586456
1523130940.57355  -0.036337976759832 -0.0347894823996773   0.242351411243355 0.00891493332168458 -0.365308234902243 -0.0390137131769719 -0.930025993002681
1523130940.83874 -0.0333024504228442 -0.0346023633242958   0.245448962789488 0.00861234270238464 -0.391095589055093 -0.0396997668166956 -0.919453096296666
1523130941.10475 -0.029003726653812 -0.034346443277155  0.247953729503262 0.0101531142416282 -0.41883110720806 -0.0386725790162177 -0.907183470714883
1523130941.33129 -0.0256997722862139 -0.0341352346020385   0.250161721897465 0.012261146543314 -0.440927478162874 -0.0378652733312059 -0.896659826445863
1523130941.60135 -0.0216670726174581 -0.0338480006235699   0.252633125022515 0.0126037780833747 -0.461431874890398 -0.0389259089150083 -0.886231653253424
1523130941.88669 -0.0170715984355302  -0.033504996527645   0.254980908642717 0.0150608219526764 -0.4862805525127 -0.0380135905294512 -0.872845554966692
1523130942.11991  -0.013290905503145 -0.0331935010433378   0.256636303511821 0.0173729976815245 -0.51050958239289 -0.0371809166093049 -0.858892149618732
1523130942.34732 -0.00972996649504607  -0.0328838805277728    0.258375415560944 0.0186530272691954 -0.535835304466632 -0.0370305789307558 -0.843303816714297
1523130942.57735 -0.00547294265509551  -0.0325301747025636    0.259236379579135 0.0218291928919016 -0.560787103879361 -0.0355166778271127 -0.826909835505911
1523130942.80461 -0.00148484075004657  -0.0321860351575817    0.260245547352661 0.0240237654576521 -0.584198047027494 -0.0337527833782911 -0.810553052030967
1523130943.02536  0.0023272055924502 -0.0318833387458996    0.26103265172769 0.0246121446037242 -0.606879824880964 -0.0333147098521267 -0.793713582218375
1523130943.29441  0.0069501137309135 -0.0314571272428447   0.261876424264728 0.0240210919700315 -0.624648360656692 -0.0333248070470119 -0.779824896951075
1523130943.82062  0.0163933768988829 -0.0307183467725596   0.263717852035194 0.0234318345209891 -0.635659789623527 -0.0323952718888523 -0.770933283330018
1523130944.39725  0.0263648709014907 -0.0299306966479492   0.265117246391555 0.0228240274879223 -0.645841480740889 -0.0311651522390344 -0.762493658209407
1523130945.10364 0.0392354089267739 -0.028843540709249  0.267259797457686 0.0250272481182885 -0.656855172635618 -0.0336329568263834 -0.752850412265659
1523130945.82947  0.0524876104269082 -0.0277066463097659   0.268852421895454 0.0265093220409388 -0.665123946813979 -0.0341889660783476 -0.745478709164802
1523130946.39505  0.0645919315115106 -0.0266742363536785   0.270603535617226 0.025690753905706 -0.660940576632979 -0.0334907813980801 -0.749250229819897
1523130946.84035  0.0772986237252905 -0.0256381686613277   0.272339512297472 0.0249296319106913 -0.660934823765559 -0.0334670273636321 -0.749282076568117
1523130947.28384  0.0907756985180922 -0.0244670196971099   0.274249920471876 0.0262978771549201 -0.663357322947682 -0.0350672139602007 -0.747017920972382
1523130947.73218    0.10480208032677 -0.0232441098831294   0.276215563385749 0.0252161490762405 -0.660010186199412 -0.035836861310092 -0.74997761253935
1523130948.21902   0.116578698774713 -0.0222368392956002   0.277730421098332 0.0253905895115698 -0.651330154177523 -0.0369426925624779 -0.757469197848714
1523130949.69916   0.129408125217598 -0.0211771933679802   0.280544659905499 0.0236149400220383 -0.649281473826504 -0.0356570974143887 -0.759344766069681
1523130950.17599   0.142186461703432 -0.0201101739092462   0.282723704185434 0.0234441297656662 -0.650221468595917 -0.0340137002189038 -0.758620776642664
1523130950.65231   0.156439213581037 -0.0189069282376397   0.285051583639661 0.0234576140986377 -0.652825053971302 -0.0336349855759121 -0.756397962050054
1523130950.99926   0.167016991612815 -0.0180293696320063   0.286718364289347 0.0249827678373494 -0.654027736888771 -0.033836996891177 -0.755300362989933
1523130951.34477   0.177764292360909 -0.0171191123081985   0.288385968452589 0.0256592311171772 -0.655621809983955 -0.0343548482509553 -0.753870937583809
1523130951.64659   0.187211111931067 -0.0163248031724587   0.289812516102601 0.025547579284295 -0.657287140970541 -0.03412100612393 -0.752433845895156
1523130951.93458  0.195475162469002 -0.015569367882362  0.290720842336083 0.0256469350523675 -0.658180885099152 -0.034619353941491 -0.75162600909308
1523130952.32338   0.205962136883024 -0.0146851811326524   0.292538512952504 0.0264518373462967 -0.662175762661962 -0.0345180391537943 -0.748085599792585
1523130954.5212   0.217040415314082 -0.0137664489599338   0.293937455966761 0.0236728678928156 -0.663425399583499 -0.0338187417445992 -0.747102822387934
1523130954.97105   0.228598806648082 -0.0127456462293419   0.295424991995911 0.0235461044071221 -0.66525198914426 -0.0345199136503457 -0.745448688689186
1523130955.47054   0.242204413510593 -0.0115855983078715   0.296843533952019 0.0227648112977944 -0.65740173958469 -0.0366059465820264 -0.752306267973645
1523130959.04073   0.254853404704532 -0.0105351233180333   0.299109270147563 0.02195090307953 -0.663170524436715 -0.0323791230095842 -0.747445386476802
1523130959.43246     0.26164179733688 -0.00997535613952531    0.299015906959075 0.0231214416444285 -0.688986007935033 -0.0300641709826853 -0.723781614459192
1523130959.7    0.268179830225639 -0.00941628723444479    0.298488422880781 0.0238405883664333 -0.710964452662087 -0.0284631821346614 -0.702247122215543
1523130959.96105    0.275157255212561 -0.00879862159183423    0.297637322391409 0.0255646460916829 -0.736454870535118 -0.0271329497855428 -0.675458714927304
1523130960.18092    0.280167719278895 -0.00837903902176025     0.29654959157122 0.0269233455466368 -0.75391029670827 -0.0276265096042056 -0.655843864001877
1523130960.50986    0.285326100143127 -0.00800296009059374    0.294336572536127 0.0291166065404785 -0.773329260564031 -0.0263103548638305 -0.632788940489635
1523130960.78341    0.291711288019593 -0.00738029540703389    0.292039931349251 0.0307686355281587 -0.792273881739584 -0.0279356739548038 -0.608748704722826
1523130961.05135    0.298578552436577 -0.00667632476831068    0.289319984042636 0.0347061635805736 -0.812028967217743 -0.0284961543518311 -0.581886937296208
1523130961.31391    0.305393835615584 -0.00602804683116623    0.285957142396526 0.0344852764019841 -0.832271868212836 -0.028448185161115 -0.552562217179237
1523130961.57472    0.312069031901572 -0.00533577033891431    0.282467894040993 0.0366169221776272 -0.853010903956246 -0.0258038476956093 -0.519967076059713
1523130961.83518   0.318595746096395 -0.0047457813069047   0.277948354053265 0.0348078854103628 -0.871741964540012 -0.0245453589462047 -0.488110524089967
1523130962.06066    0.323955058600375 -0.00414011908936101    0.273805703831824 0.0367180065599389 -0.887646632737929 -0.0247666645202693 -0.458390505695549
1523130962.28726    0.328291013898251 -0.00368692880973989    0.269889852810671 0.0362963058940826 -0.899849236143906 -0.0225804115485155 -0.43410143446431
1523130962.68527    0.333372417205184 -0.00317731579614144    0.265045001524674 0.038668956115551 -0.912671037040425 -0.0211428183528923 -0.406311790639389
1523130963.07799    0.338335028542102 -0.00263434298533948    0.259254858498011 0.0398370395243108 -0.925244279427162 -0.0210236167074908 -0.376688254674587
1523130963.38136    0.343567333018163 -0.00212286996675329    0.252657664377998 0.042813750011831 -0.938088327416236 -0.0205622361922038 -0.343124565162726
1523130963.59856    0.347087232130642 -0.00170811610902016      0.2473589510187 0.0441353798613486 -0.94818049874488 -0.0192616239421004 -0.314061777183276
1523130963.77369    0.350005812177845 -0.00141883669151335    0.242810783850897 0.0457336523064971 -0.955617525293845 -0.0178818749590069 -0.290488927406754
1523130964.00213    0.353154330269632 -0.00106344673270005     0.23652176245877 0.044777251744794 -0.965360076938637 -0.0168258096894021 -0.256499145627249
1523130964.22772     0.355857369022712 -0.000742469306554194     0.230490337474252 0.04590720050674 -0.973224812388245 -0.0148823415056661 -0.224732083612482
1523130964.48909     0.357952327006064 -0.000483741977732675     0.225008248791275 0.0464399889115283 -0.979003376265272 -0.0135352662650813 -0.198021496959872
1523130964.92784     0.359500649406237 -0.000247543300583047     0.219672395078298 0.0467365587460287 -0.98382252912776 -0.0126242824190592 -0.172480586590611
1523130967.03615     0.360606347934507 -0.000132950807198891     0.215175810069972 0.0460335559139499 -0.98701112708285 -0.00945346818059221 -0.153624798401555
1523130967.30001    0.361945568460807 5.00346558256551e-05    0.209086317991963 0.0486373825213429 -0.99091508941059 -0.00744046223309506 -0.125165211307428
1523130967.52971    0.362833320580196 0.000170366662895702    0.202920359256625 0.047383964659077 -0.994019311935227 -0.0064421278706309 -0.0981777285411753
1523130967.84296    0.364606800232141 0.000348931889087988    0.194038612622134 0.0496687787194393 -0.995052072400253 -0.00644351937856117 -0.0858071482482641
1523130968.20136    0.365957493983062 0.000612292240979938    0.183258771728573 0.0513892109941924 -0.996415706035704 -0.00685825111472964 -0.0668420088747515
1523130968.51413    0.367040512813908 0.000762851365830063    0.173674424260557 0.0506266086969868 -0.997428316702667 -0.00683478453322667 -0.0502691282191284
1523130968.83567    0.367708500766091 0.000981543246941108    0.163601703457628 0.0529762068757374 -0.997950288843981 -0.00743793198323864 -0.0351200750153812
1523130969.06335   0.367496640029794 0.00100277133598112     0.1565436061683 0.0549121772476072 -0.998463581478685 -0.00449076884714349 -0.00591288811374971
1523130969.19845    0.366999704521822 0.000984943203884869    0.152525111354012 0.0566329673802381 -0.998160164146997 -0.00225002260174102 0.0215390601939824
1523130969.35756    0.365950764439275 0.000926685020911901    0.147635240527186 0.0561546028943174 -0.996808768900671 0.00105660273625256 0.0567258530757171
1523130969.49997     0.36488909118572 0.000842513828787556     0.14339424679156 0.0545858036581344 -0.995244092919233 0.00250733160713776 0.0806430334038894
1523130969.7372    0.363116079040272 0.000717042735391055    0.136417188739151 0.0545586749656489 -0.992008344427859 0.0021445699398857 0.113746192864921
1523130969.97107   0.360972657115408 0.00058351770388201   0.129670451131659 0.050310878752639 -0.988782243573116 -0.00015244199414009 0.140635937921609
1523130970.20347    0.358375205991714 0.000412892041442358    0.122838761246049 0.049801108451822 -0.985000585627483 -0.00122460249029991 0.165203499536863
1523130970.43555    0.355404992057128 0.000256775005271409    0.116238454865278 0.0476935030682274 -0.98051899462009 0.00224441637667827 0.190532919857482
1523130970.62588    0.352830973189811 0.000159562425119181    0.110957712716035 0.0496762065658731 -0.975700744634724 0.00371317064867933 0.213369500595105
1523130970.80127     0.349779254798073 -0.000122068280290197      0.10610702478252 0.0473307487369635 -0.970003972774082 0.00542491117588729 0.238375047698434
1523130970.97612      0.34670308671424 -0.000305933643905645     0.101537507240124 0.0482255671930165 -0.963610740031657 0.00640401059357187 0.262845249173105
1523130971.15033     0.343382193740132 -0.000567583379807637    0.0971173239972787 0.047629193431084 -0.956864065602025 0.00677253129686562 0.286525309026098
1523130971.32421     0.339871321281497 -0.000808101676287417    0.0928552971422603 0.0475950858902548 -0.949154176370331 0.00814558137703889 0.311086333325475
1523130971.49862    0.336157808072928 -0.00112850579942965    0.088735247414641 0.0490203490498554 -0.940622810734776 0.00861934341765049 0.335784812377643
1523130971.6287    0.333243358711694 -0.00136974525164713   0.0858503701757101 0.0482744386763589 -0.933954139271267 0.00949541471286457 0.353990227842493
1523130971.75917   0.330440450296983 -0.0015486971126288   0.083158564945341 0.0487921118106729 -0.926545049800712 0.0107181483358189 0.37285214470498
1523130971.88922    0.327127573584596 -0.00185825758314443   0.0804484312421833 0.0492302674398171 -0.918841626956084 0.0122676355477793 0.391351441109609
1523130972.01931    0.323955864564018 -0.00215739354590781     0.07801012453815 0.0493221468026384 -0.910526046258066 0.0139686649039996 0.410261527956538
1523130972.15014    0.320620591000991 -0.00244092280821599   0.0757618616284615 0.0480210838402163 -0.899276727438247 0.0154325329244395 0.434461943008019
1523130972.28334    0.317431306275507 -0.00268726932665949   0.0738095730355146 0.049281986180923 -0.886793324633694 0.0167335394615722 0.459226386306658
1523130972.42093    0.313306950306723 -0.00308014085674338   0.0718190226933424 0.0479554013776219 -0.872535126329217 0.0182820661496758 0.485848226154699
1523130972.55088    0.309719931146776 -0.00342338289043344   0.0702916180205556 0.0476447426806686 -0.858989768150628 0.0191767148655205 0.50941025737061
1523130972.67904    0.306114628613632 -0.00375542188183777   0.0689631277743658 0.0474167739362252 -0.84426406644871 0.0192795962690881 0.533477396728925
1523130972.80725    0.302280051764549 -0.00409299371245484   0.0678843594243879 0.0461719998715602 -0.829097602291887 0.0207693493275495 0.556806920242748
1523130972.93597    0.298456770033884 -0.00444781285151019   0.0669853509472237 0.0454576918255845 -0.813434164652994 0.0215682876644411 0.579476718252252
1523130973.06474    0.294908298635123 -0.00480428338716838   0.0662786926029618 0.0455765330650589 -0.798102162710653 0.0211240280319976 0.600424427342902
1523130973.19323    0.290656399419107 -0.00516600657010473   0.0656215027363185 0.0444044599115396 -0.783558089783293 0.0217189030717574 0.619349055964794
1523130973.32276     0.28667268996708 -0.00555423267513732   0.0651528661073629 0.0418269066894067 -0.772400275840546 0.0235980098508756 0.633317817283962
1523130973.49439     0.28190530910301 -0.00598437226855706   0.0641966646806493 0.0425981219597903 -0.768321135508265 0.0234597736888108 0.638214440259118
1523130973.66662    0.276037909347723 -0.00651503298905488   0.0633023027111217 0.042834528170133 -0.763144662061115 0.0230858104505459 0.644393104649568
1523130973.83933    0.270658997243459 -0.00701590557975475   0.0625636064072016 0.0419365005798069 -0.758486918202553 0.0252327521423318 0.64984785377351
1523130974.01139    0.265284829940955 -0.00752222291830901   0.0617600793856711 0.0427211013409021 -0.755461172738306 0.0253084550088412 0.653309119858394
1523130974.22716    0.258563698684313 -0.00811916671898199   0.0605636063471629 0.0423938431853368 -0.758374996756783 0.0269276412437181 0.649880780213707
1523130974.44229    0.251793360321457 -0.00879882001906784   0.0592705255922435 0.0435524393439659 -0.762097730644723 0.0260925592477945 0.64546836663407
1523130974.658     0.24555361833821 -0.00939020504564278   0.0579889314362304 0.0433384848691812 -0.763864666132513 0.0263234135575933 0.643381399686208
1523130974.92389   0.238769114162902 -0.0100278212870288  0.0568835665020079 0.0426101602588796 -0.7652565419385 0.025645197653483 0.641801467044408
1523130975.20274   0.234364104938485 -0.0104235197746491  0.0558537996032746 0.0427893700075309 -0.769479807269728 0.0240455257723366 0.636782308727899
1523130976.2295   0.229903335231081 -0.0108538772976493  0.0546811593254732 0.043223331877981 -0.775635944456148 0.0252616832763432 0.629191920328791
1523130976.49741  0.223906572284595 -0.011419915251401 0.0533080593293245 0.0437727400962084 -0.777705167097551 0.0239081732318795 0.626647444379178
1523130976.76543   0.216694361991074 -0.0120729881612174  0.0516180697732004 0.0439174408839912 -0.779253901218594 0.0235817407032921 0.624722752368765
1523130977.08424   0.207891915211345 -0.0129673943236415  0.0491084013131228 0.0451457810457822 -0.782448172209095 0.0218057095052389 0.620694149556274
1523130977.44631   0.196353694883589 -0.0139309449450883  0.0465617087445133 0.0446805135202048 -0.782624890181195 0.0215441131930021 0.620514128902131
1523130977.76728   0.186358757175559 -0.0148395149977761  0.0440594378585943 0.0443153301170198 -0.781939596210126 0.0217092873328152 0.621397880780798
1523130978.04446  0.177811059211027 -0.015591810388471 0.0418559659165839 0.0461227480647197 -0.78152078427602 0.0214363670432713 0.62180257158003
1523130978.31837   0.169194795855753 -0.0164332624587548  0.0398557462882161 0.0452937280759426 -0.780361307488651 0.0227482929284871 0.623271388032874
1523130978.54992   0.161993167032481 -0.0170849570360193  0.0380795915383955 0.0461326231862218 -0.779495684734427 0.0218762068464422 0.624323385860547
1523130978.73405  0.156271980179801 -0.017630014611438 0.0367920950398044 0.0446852674288494 -0.77904384854103 0.0236705364138822 0.624926887428499
1523130978.91642   0.150584507574931 -0.0181352988971399  0.0353988804324044 0.0447734423765821 -0.777081931466074 0.0216247134641685 0.62743237278156
1523130979.09932   0.145565943503184 -0.0189079830543362  0.0338894752968562 0.0429756387464514 -0.774943413112499 0.021278074397987 0.6302087308962
1523130979.3258   0.137612806708386 -0.0192960892692943  0.0325384685524648 0.0422100651430574 -0.774845319259827 0.0206537615784585 0.630401827213735
1523130979.55076   0.130437235494157 -0.0199178046602749  0.0309870160087903 0.0421566896913539 -0.774618641633744 0.022141574119423 0.630633430959122
1523130979.73132   0.124712727840552 -0.0204460517371436    0.02975661781656 0.0433868666598466 -0.774165190238944 0.0238873633095312 0.631042971514507
1523130979.912     0.1189385043658 -0.0209627998740119  0.0284745610910955 0.0442118477954452 -0.773245257074104 0.0233808901135556 0.632131646814501
1523130980.09844   0.113029455706064 -0.0216388078590625  0.0272405891358432 0.0429908639742791 -0.773083261568734 0.024818054962526 0.632359170444195
1523130980.33161   0.105586422098783 -0.0221807581943928  0.0256483539463485 0.0435372552237214 -0.7729357900369 0.0229004764376991 0.632574375126391
1523130980.52376  0.0999641990821751 -0.0227049833812027  0.0245143493821373 0.0416602348828777 -0.772573768376655 0.0228618358727241 0.633144165025887
1523130980.84087  0.0931467201132578 -0.0233148851441443  0.0229929049787444 0.0421516887027519 -0.774420179048976 0.0223164495672434 0.630871300266521
1523130982.09196  0.0876060094349092 -0.0238306775536091  0.0215010381393337 0.0419801221637439 -0.781756370966382 0.0242987141896259 0.621694634274191
1523130982.41521 0.0815060230244361  -0.02447429783963 0.0197162555947159 0.0433180486539747 -0.789250047483856 0.0246680265526868 0.612045257863778
1523130982.72265  0.0738662411893978 -0.0254330959110897  0.0175259788476422 0.0429331607294618 -0.790501892187714 0.025617410817863 0.610415637431095
1523130983.17463  0.0602959279998658 -0.0265748796710935  0.0140359100421311 0.0433855345719906 -0.793774567200511 0.0239865806556103 0.606188317112757
1523130983.57598  0.0487017091136364 -0.0276595341226563  0.0104247952958295 0.0442315936082729 -0.797614679527785 0.0241645472924604 0.60105778739054
1523130983.93705   0.037629381172973 -0.0289086656895681 0.00750409475148095 0.0449784236420552 -0.794589074176565 0.0226197846403635 0.605056600615784
1523130984.16259  0.0307625091234448 -0.0295610343368803 0.00599360367597787 0.0433843426859033 -0.782597262352899 0.022418305269458 0.620609976842384
1523130984.38466  0.0239212321027485 -0.0302256370714063 0.00482934840132161 0.0425703619787844 -0.772243619807856 0.0218989061755381 0.633520318423466
1523130984.60933  0.0169116520000188 -0.0308968364704878 0.00386019719503405 0.0428979748260644 -0.761347072134141 0.0215970479211803 0.646563196470139
1523130984.74245  0.0127305982039265 -0.0313312778378436 0.00382665323919642 0.0431749678918966 -0.74407731537099 0.0225615499426311 0.666315126169308
1523130984.87441 0.00855816947893656 -0.0318022586623383 0.00403078051662472 0.0426866078850971 -0.724496249630947 0.0214636604200696 0.687620788705031
1523130985.00248 0.00457249685804412 -0.0321906458242113 0.00449456307813825 0.0424500113266757 -0.704669013959668 0.0214704134975654 0.707939685741461
1523130985.13957 0.000473970501537956  -0.0320763937445414  0.00518473092376517 0.041718521681535 -0.681701347262845 0.0262393958902777 0.729968720009319
1523130985.27181 -0.00374037757655699  -0.0330016103097271  0.00626253404263609 0.0396367798401716 -0.657866593677651 0.0238468491462953 0.751712576981828
1523130985.39999 -0.00763215311982501  -0.0333401570882126  0.00740776350250467 0.040653264462814 -0.631650696874765 0.0239248907235519 0.773816715269195
1523130985.48939 -0.0102408336944778 -0.0334977870256232 0.00840421558269388 0.039673678245975 -0.613204661319223 0.0256810976002053 0.788509051195267
1523130985.5803 -0.0125163091870808 -0.0331903274880484 0.00939690315556725 0.0388241794711923 -0.593833483619536 0.0278388216915545 0.803168398797849
1523130985.71479 -0.0157500253140975 -0.0339610643200347  0.0109353602110964 0.036377340174194 -0.575221892111691 0.0285693763727433 0.816688591013105
1523130985.89229 -0.0192701375269285 -0.0342583264099249  0.0127093686312954 0.0353843299074867 -0.555301489888768 0.029370535484118 0.830376767599919
1523130986.11483 -0.0222125408678713 -0.0345080896886098  0.0144625649051308 0.0351048825109475 -0.534831139443735 0.0307562987621847 0.843668981053387
1523130987.31119 -0.0249926497284241 -0.0347613527925008  0.0163414855916822 0.0359645292043613 -0.51342258842332 0.0322337585612487 0.856775806815775
1523130987.49418 -0.0277788068880749  -0.034801621532811  0.0184628672720286 0.0356040702311613 -0.49142092347457 0.0316264429778849 0.869619223717451
1523130987.682 -0.0312782238760718 -0.0353605189921241  0.0214670426054136 0.0350494447279261 -0.46142344478608 0.032227177561423 0.885901433598815
1523130987.82021 -0.0338596358642452 -0.0356788450311562  0.0240742504988496 0.0335447610747797 -0.437486733590043 0.0336749242578644 0.897967764685002
1523130987.95637 -0.0366045751318884  -0.035877402681021  0.0269567904611118 0.032481909955067 -0.413367443068896 0.0336455067550866 0.909362558285499
1523130988.09618 -0.0392452717863062 -0.0362256640296292   0.030137478184613 0.03039099058596 -0.384979678166098 0.033423310546326 0.921818809421057
1523130988.23959 -0.0418140842414119 -0.0365245117004715  0.0336731410454818 0.0280873401695861 -0.356179147358162 0.0350216899261467 0.933338629621708
1523130988.49795 -0.0459795312708706 -0.0370060964843186  0.0404619065339076 0.0238910933326493 -0.304189777018779 0.0352960061224814 0.951657494673603
1523130988.63187 -0.0478772256500271 -0.0372297323589668  0.0442267774280252 0.0227498595929197 -0.277499880546971 0.0373011014612359 0.95973167500854
1523130989.06983 -0.0549549785297213  -0.038068531854747  0.0563532281483202 0.023395713246483 -0.258360247008356 0.0387284669496883 0.96498846066427
1523130989.41645 -0.0603232905938529 -0.0387384397290497  0.0662844747468252 0.0212846038789819 -0.244192176077286 0.0381873915554191 0.968740868295824
1523130989.54507 -0.0622617614567444  -0.038985195475805  0.0700588099595825 0.0196182976966687 -0.236745199433115 0.0394116255953861 0.970573828571938
1523130989.67382 -0.0641288132006423 -0.0392132788063541  0.0738879528857224 0.0184769426675891 -0.231224010723928 0.0401546835233763 0.971895910499441
